https://drive.google.com/file/d/1PFdN__gZSaR5NwOIesubWVk_F36uZ-y6/view?usp=sharing

//AC HEX CODE LIST//

//===SAMSUNG RG10B:::IrRemoteESP8266 v2.8.6===//
30C FAN1:
-> Protocol  : COOLIX
-> Code      : 0xB29FB0 (24 Bits)
-> Mesg Desc.: Power: On, Mode: 0 (Cool), Fan: 4 (Min), Temp: 30C, Zone Follow: Off, Sensor Temp: Off
-> uint16_t rawData[199] = {4478, 4372,  576, 1584,  576, 500,  608, 1552,  578, 1582,  576, 502,  604, 474,  608, 1554,  578, 500,  580, 500,  580, 1578,  578, 502,  580, 498,  580, 1582,  576, 1582,  576, 502,  578, 1582,  578, 1584,  574, 504,  576, 504,  576, 1586,  574, 1584,  598, 1560,  576, 1584,  598, 1562,  598, 480,  598, 1562,  598, 1564,  594, 482,  598, 480,  600, 480,  598, 480,  600, 480,  598, 1562,  622, 456,  600, 1560,  598, 1560,  596, 482,  622, 456,  596, 482,  596, 482,  624, 454,  598, 1562,  596, 482,  598, 480,  624, 1536,  600, 1560,  598, 1560,  598, 1560,  622, 5144,  4444, 4404,  600, 1560,  598, 480,  598, 1562,  624, 1536,  596, 482,  598, 480,  600, 1560,  598, 482,  598, 482,  622, 1538,  596, 480,  596, 482,  598, 1562,  598, 1560,  598, 482,  624, 1536,  596, 1562,  596, 482,  598, 482,  598, 1562,  572, 1586,  596, 1564,  596, 1562,  596, 1564,  594, 484,  596, 1562,  598, 1562,  598, 482,  622, 456,  622, 458,  624, 458,  620, 458,  620, 1536,  622, 460,  620, 1538,  620, 1538,  620, 460,  616, 462,  616, 464,  614, 464,  614, 464,  590, 1568,  590, 488,  588, 492,  564, 1594,  564, 1594,  564, 1596,  564, 1596,  564};  // COOLIX B29FB0
-> uint64_t data = 0xB29FB0;

29C FAN1:
-> Protocol  : COOLIX
-> Code      : 0xB29FA0 (24 Bits)
-> Mesg Desc.: Power: On, Mode: 0 (Cool), Fan: 4 (Min), Temp: 29C, Zone Follow: Off, Sensor Temp: Off
-> uint16_t rawData[199] = {4472, 4378,  622, 1534,  624, 454,  602, 1558,  624, 1536,  624, 454,  600, 478,  600, 1558,  624, 454,  600, 478,  622, 1538,  622, 456,  622, 456,  600, 1560,  624, 1536,  622, 456,  600, 1560,  622, 1538,  622, 456,  600, 478,  624, 1536,  624, 1534,  624, 1538,  622, 1536,  622, 1536,  624, 456,  598, 1560,  624, 1536,  622, 456,  622, 456,  622, 456,  622, 458,  598, 480,  600, 1562,  622, 456,  620, 1540,  622, 456,  600, 480,  598, 480,  600, 480,  602, 478,  620, 460,  598, 1562,  622, 456,  598, 1562,  622, 1536,  622, 1536,  622, 1540,  620, 1538,  620, 5146,  4490, 4360,  620, 1540,  622, 456,  620, 1540,  620, 1540,  620, 456,  598, 482,  620, 1540,  620, 456,  596, 482,  598, 1562,  620, 456,  598, 480,  622, 1538,  622, 1538,  622, 456,  598, 1564,  620, 1538,  620, 456,  620, 460,  622, 1540,  620, 1540,  620, 1540,  620, 1540,  620, 1540,  596, 482,  620, 1540,  618, 1540,  618, 460,  618, 460,  618, 460,  620, 460,  620, 460,  618, 1544,  616, 460,  618, 1542,  616, 462,  618, 462,  616, 464,  614, 466,  612, 466,  612, 468,  608, 1546,  590, 514,  564, 1570,  588, 1570,  588, 1572,  586, 1574,  564, 1596,  564};  // COOLIX B29FA0
-> uint64_t data = 0xB29FA0;

28C FAN1:
-> Protocol  : COOLIX
-> Code      : 0xB29F80 (24 Bits)
-> Mesg Desc.: Power: On, Mode: 0 (Cool), Fan: 4 (Min), Temp: 28C, Zone Follow: Off, Sensor Temp: Off
-> uint16_t rawData[199] = {4514, 4336,  608, 1552,  608, 466,  638, 1520,  610, 1548,  610, 470,  646, 432,  642, 1518,  612, 466,  640, 440,  644, 1516,  608, 468,  640, 440,  638, 1522,  610, 1550,  610, 466,  640, 1520,  610, 1548,  610, 468,  640, 438,  638, 1522,  610, 1550,  608, 1552,  612, 1546,  610, 1550,  610, 468,  640, 1522,  608, 1550,  610, 466,  642, 438,  638, 440,  638, 440,  640, 438,  640, 1522,  608, 468,  610, 468,  638, 440,  638, 440,  642, 438,  612, 466,  638, 442,  610, 468,  638, 1524,  608, 1550,  610, 1550,  582, 1576,  582, 1576,  582, 1576,  606, 1552,  584, 5186,  4478, 4370,  580, 1580,  578, 500,  582, 1580,  564, 1594,  564, 514,  566, 512,  566, 1596,  562, 516,  564, 514,  568, 1592,  566, 512,  570, 510,  570, 1588,  572, 1586,  570, 510,  572, 1588,  570, 1588,  570, 508,  570, 508,  570, 1588,  570, 1590,  570, 1590,  570, 1590,  568, 1590,  568, 510,  568, 1592,  566, 1592,  566, 512,  566, 514,  566, 514,  564, 514,  564, 516,  564, 1596,  564, 516,  562, 516,  562, 516,  562, 516,  562, 516,  562, 516,  562, 516,  562, 516,  562, 1598,  560, 1600,  560, 1598,  560, 1618,  542, 1618,  540, 1620,  540, 1620,  540};  // COOLIX B29F80
-> uint64_t data = 0xB29F80;

27C FAN1:
-> Protocol  : COOLIX
-> Code      : 0xB29F90 (24 Bits)
-> Mesg Desc.: Power: On, Mode: 0 (Cool), Fan: 4 (Min), Temp: 27C, Zone Follow: Off, Sensor Temp: Off
-> uint16_t rawData[199] = {4474, 4376,  600, 1558,  600, 476,  604, 1556,  602, 1558,  600, 476,  602, 478,  604, 1558,  598, 476,  602, 476,  602, 1560,  600, 478,  600, 478,  600, 1562,  598, 1562,  598, 478,  600, 1560,  600, 1560,  598, 480,  600, 480,  598, 1564,  594, 1562,  596, 1562,  596, 1564,  596, 1564,  596, 482,  620, 1540,  594, 1566,  616, 460,  618, 462,  594, 484,  618, 462,  616, 462,  616, 1544,  616, 464,  614, 466,  588, 1570,  590, 490,  588, 492,  586, 494,  584, 516,  562, 518,  538, 1596,  562, 1596,  564, 516,  564, 1594,  564, 1596,  564, 1594,  564, 1596,  586, 5180,  4458, 4392,  586, 1574,  562, 518,  586, 1574,  562, 1598,  562, 518,  584, 496,  560, 1620,  540, 540,  540, 540,  540, 1620,  540, 540,  540, 540,  538, 1620,  538, 1622,  536, 542,  538, 1622,  536, 1624,  536, 544,  534, 546,  532, 1628,  554, 1606,  554, 1606,  552, 1606,  552, 1608,  552, 550,  530, 1630,  530, 1630,  528, 550,  528, 550,  528, 550,  530, 550,  528, 550,  532, 1626,  530, 550,  528, 550,  530, 1630,  530, 550,  518, 560,  528, 552,  504, 576,  504, 576,  502, 1656,  504, 1656,  504, 576,  502, 1680,  478, 1680,  478, 1680,  478, 1680,  478};  // COOLIX B29F90
-> uint64_t data = 0xB29F90;

26C FAN1:
-> Protocol  : COOLIX
-> Code      : 0xB29FD0 (24 Bits)
-> Mesg Desc.: Power: On, Mode: 0 (Cool), Fan: 4 (Min), Temp: 26C, Zone Follow: Off, Sensor Temp: Off
-> uint16_t rawData[199] = {4514, 4338,  608, 1550,  608, 470,  640, 1520,  608, 1550,  608, 470,  638, 440,  640, 1520,  610, 468,  612, 466,  612, 1548,  608, 470,  636, 442,  636, 1524,  606, 1552,  610, 468,  614, 1546,  608, 1550,  608, 470,  612, 466,  612, 1550,  606, 1554,  582, 1576,  582, 1576,  610, 1548,  582, 496,  608, 1550,  582, 1578,  582, 496,  582, 496,  582, 496,  584, 494,  584, 496,  582, 1580,  578, 1580,  564, 514,  564, 1594,  564, 512,  566, 512,  566, 514,  566, 514,  564, 514,  568, 512,  568, 1594,  566, 510,  570, 1590,  570, 1588,  570, 1590,  568, 1590,  570, 5198,  4440, 4410,  570, 1588,  570, 512,  568, 1588,  570, 1590,  590, 490,  588, 490,  590, 1566,  590, 490,  566, 514,  566, 1592,  566, 516,  564, 514,  564, 1594,  564, 1594,  564, 516,  562, 1596,  564, 1596,  564, 516,  562, 516,  562, 1596,  564, 1596,  562, 1598,  562, 1598,  562, 1598,  560, 520,  560, 1618,  540, 1618,  540, 540,  540, 540,  540, 540,  540, 540,  538, 540,  538, 1620,  538, 1622,  538, 542,  538, 1622,  536, 542,  536, 544,  534, 546,  534, 546,  530, 548,  530, 550,  552, 1606,  540, 538,  530, 1630,  552, 1608,  530, 1630,  550, 1632,  528};  // COOLIX B29FD0
-> uint64_t data = 0xB29FD0;

25C FAN1:
-> Protocol  : COOLIX
-> Code      : 0xB29FC0 (24 Bits)
-> Mesg Desc.: Power: On, Mode: 0 (Cool), Fan: 4 (Min), Temp: 25C, Zone Follow: Off, Sensor Temp: Off
-> uint16_t rawData[199] = {4512, 4338,  638, 1524,  636, 440,  642, 1520,  638, 1524,  634, 440,  640, 438,  642, 1518,  640, 438,  642, 438,  640, 1522,  638, 438,  640, 440,  640, 1522,  638, 1520,  638, 440,  640, 1522,  638, 1522,  638, 438,  642, 438,  638, 1524,  634, 1524,  636, 1522,  636, 1522,  636, 1526,  634, 440,  638, 1524,  612, 1546,  612, 464,  636, 442,  638, 440,  638, 442,  612, 466,  634, 1526,  612, 1548,  610, 466,  612, 468,  612, 468,  612, 466,  612, 466,  610, 468,  610, 470,  608, 472,  608, 1554,  560, 1598,  562, 1598,  566, 1592,  562, 1596,  562, 1598,  562, 5204,  4466, 4406,  574, 1582,  576, 488,  592, 1566,  594, 1564,  594, 488,  590, 490,  590, 1568,  590, 492,  586, 492,  588, 1570,  588, 494,  562, 516,  564, 1596,  562, 1596,  586, 492,  586, 1572,  586, 1574,  586, 494,  586, 494,  584, 1574,  584, 1574,  584, 1576,  560, 1600,  560, 1598,  560, 518,  562, 1618,  542, 1622,  536, 518,  560, 520,  558, 522,  558, 540,  538, 540,  538, 1620,  538, 1622,  538, 542,  538, 542,  536, 542,  536, 544,  534, 544,  534, 546,  532, 548,  530, 548,  554, 1630,  528, 1630,  528, 1630,  528, 1630,  528, 1630,  528, 1632,  528};  // COOLIX B29FC0
-> uint64_t data = 0xB29FC0;
